768 1038 0.8861865009235343 0.7393290445164743 7 5
1088 1906 0.8853979260535113 0.6899853675332315 5 1
1088 1894 0.8955758128169924 0.5477302427100481 5 3
1056 1088 0.9561763773619681 0.44223699689778434 5 5
768 795 0.9128943040429337 0.421692395842396 7 7
675 697 0.9719933373275695 0.41976948846197026 4 4
697 795 0.920969882266829 0.39746585782345695 4 7
1858 1894 0.9423707893193521 0.3670712681419975 3 3
801 3839 0.7794673733678825 0.34471235210896634 7 5
3246 3499 0.9231686270949656 0.33951240247191133 2 2
1906 2137 0.8708698405803795 0.3382885732478052 1 1
2999 3246 0.9291602613957494 0.3309102166436644 0 2
3579 3618 0.8751654529641364 0.31513126153042376 2 2
1061 1088 0.9627610210793622 0.30887981804822023 5 5
1070 1088 0.9678718149531661 0.28225849994248503 5 5
3618 3872 0.8779107150783163 0.2701408464133868 2 5
422 675 0.9323808264262888 0.26568413256763984 4 4
3562 3579 0.9662270045402792 0.26421304892793723 2 2
801 818 0.9900264180316057 0.261106086114783 7 7
1038 1070 0.9854249958838529 0.2602071253392882 5 5
1038 1056 0.9989208935112808 0.2551072172970336 5 5
1038 1061 0.9939693873470563 0.25155757067497425 5 5
389 675 0.9170246373906731 0.24422153398587512 4 4
3294 3562 0.8040731617098678 0.24176295397408376 2 2
3499 3527 0.934857248368564 0.24068873616052436 2 2
3527 3799 0.9291227832138076 0.23812252903408923 2 5
366 389 0.9988008588120445 0.20884230214438881 4 4
2157 2406 0.8827975311484427 0.2071114992671712 1 8
1906 2174 0.8606084278068177 0.20194387536676858 1 1
3807 3839 0.9204327794142104 0.2013553348715138 5 5
1824 1858 0.9604086845345657 0.20098260199622853 3 3
