801 3839 0.8007459673194776 1.4453786958535786 8 0
1117 1138 0.9776307828413214 1.233642715754014 0 0
1079 1117 0.9902235923919506 1.074496334233299 0 0
3807 3839 0.9423509711113286 1.049402420487366 0 0
801 818 0.9872676695827257 1.0117277285584108 8 8
3706 3722 0.9562475776502533 0.7910461363651621 5 5
3618 3872 0.9135063577611058 0.7564728129201588 5 0
1144 3722 0.8933162047661742 0.7419093681318859 0 5
3706 3807 0.9290292905193467 0.7351909338789274 5 0
3579 3618 0.8951381970485445 0.7258834824705367 5 5
1138 1886 0.9270720890173096 0.720113778911637 0 7
1047 1079 0.9738525838681644 0.6876188960532548 0 0
833 3872 0.8539877959408452 0.676900056634423 8 0
3562 3579 0.9731420975355402 0.6665871188636316 5 5
656 818 0.9459879308035457 0.662240501650469 8 8
3294 3562 0.8165998964504987 0.6426820780307864 5 5
3021 3277 0.9041644373252237 0.602648758975922 6 5
1870 1886 0.9711493638668942 0.5990853419375936 7 7
3527 3799 0.950395969170234 0.5925341932282903 5 0
3277 3294 0.9929077465668033 0.5613059220424448 5 5
1138 1898 0.9048844209273526 0.5373204442463594 0 7
686 818 0.9209290800617014 0.5053799127625856 8 8
3246 3499 0.9134205393104942 0.4698326516924676 5 5
1152 3476 0.8662593598199667 0.4656295035107581 7 5
422 675 0.9306845278443804 0.45878851647021196 3 8
3499 3527 0.9420684347754116 0.4586305158192726 5 5
675 697 0.9828456059114438 0.45101747065326364 8 8
1870 2107 0.8389123381740512 0.443769118316 7 2
1144 1886 0.9178433853410188 0.422149431237342 0 7
3799 3819 0.9812584402902116 0.41767236159235727 0 0
992 3819 0.8404759297498079 0.4013565781836328 8 0
3476 3722 0.9216906066251119 0.3993108870938412 5 5
2649 2974 0.863149214315247 0.37915080202599477 6 6
1152 1847 0.8757314930035747 0.37440716544965436 7 7
1079 3807 0.8853107371332266 0.3557120030076828 0 0
1017 1047 0.932668005233664 0.35235921643420487 8 0
366 389 0.9985390689281057 0.35147400748967284 3 3
1816 1847 0.9825616659729846 0.3489760404314391 7 7
1047 3839 0.837757070033538 0.3475349258323004 0 0
3117 3246 0.8736645163635306 0.34673602983203483 5 5
1847 1886 0.9475797142714237 0.3225116284689426 7 7
133 422 0.9220183887994814 0.32195352700661056 3 3
623 656 0.927837751547431 0.3015032418463819 8 8
818 833 0.9954190446333451 0.2978243443801953 8 8
833 845 0.9875100979024787 0.2844922675298675 8 8
1152 1628 0.9380705023286173 0.28153850377754785 7 7
3021 3036 0.9635185918474708 0.2802472588536146 6 6
389 675 0.9139070879039719 0.27513535859669325 3 8
1485 1533 0.9613358772913078 0.2705977053129088 9 7
1258 2381 0.7300292562914105 0.2548950061015563 7 2
2099 2107 0.9861020764320736 0.24587936531718943 2 2
1144 1152 0.9904735825688094 0.24417786178777295 0 7
2371 2649 0.8225549807462177 0.24310112444668347 2 6
1276 2584 0.7869237221216496 0.23529334664531013 7 6
1898 1906 0.9902702457908664 0.22957453082243606 7 7
1511 1521 0.8802352076329948 0.21907930644983575 9 7
1200 1235 0.8823509656412395 0.21583811741431874 7 7
1521 1816 0.90682445038645 0.20710966733574168 7 7
1400 1485 0.9201371537485459 0.20501076567890802 9 9
2974 2994 0.9040667906105906 0.2043113033354201 6 6
