108  133
141  149
141  151
141  152
141  154
141  155
150  155
155  162
155  163
156  163
163  179
163  181
164  179
180  189
180  190
180  191
180  207
181  190
191  207
208  213
208  214
209  214
213  226
214  226
215  226
215  227
227  234
227  256
228  256
257  267
259  264
260  267
265  274
265  289
265  290
265  291
268  289
268  290
268  291
290  303
291  303
304  316
310  316
311  316
317  327
317  330
317  332
318  330
328  333
332  338
333  338
339  345
339  352
339  358
339  362
339  370
340  352
340  358
342  352
346  352
346  358
353  358
353  370
359  365
359  367
359  370
368  376
371  376
377  390
377  392
378  385
386  392
393  410
394  410
394  414
395  410
395  414
395  424
398  410
398  414
400  410
411  416
411  424
415  420
415  424
419  424
420  426
427  442
428  435
428  436
428  442
428  445
436  442
436  444
437  444
444  478
445  459
445  460
445  464
445  466
445  478
445  481
446  459
446  460
446  464
446  478
446  481
460  466
465  478
466  478
467  477
467  478
469  478
482  497
482  498
499  521
499  533
503  512
503  519
503  520
503  521
503  533
507  521
513  521
513  533
521  533
522  533
534  539
538  546
540  546
541  546
547  553
547  555
547  567
554  561
556  561
556  564
556  567
562  567
568  574
568  581
575  581
585  608
589  608
590  608
597  608