# ResStr, ResEnd, Deuterated fractions, Times / min: 0.25 0.5 1.0 2.0
108  133  0.49642  0.57151  0.67256  0.74564
141  149  0.60595  0.62314  0.67599  0.72844
141  151  0.66519  0.68421  0.73352  0.77533
141  152  0.60438  0.62961  0.70149  0.76531
141  154  0.58204  0.64844  0.75008  0.82420
141  155  0.54035  0.59765  0.69588  0.76583
150  155  0.29642  0.42153  0.59270  0.70392
155  162  0.06378  0.07091  0.07806  0.13240
155  163  0.03900  0.04047  0.04079  0.06421
156  163  0.06121  0.06424  0.06924  0.08623
163  179  0.12056  0.13658  0.16693  0.22946
163  181  0.12111  0.13390  0.16553  0.21467
164  179  0.12962  0.14545  0.18178  0.24641
180  189  0.69801  0.73835  0.79173  0.82891
180  190  0.61130  0.65149  0.70388  0.74257
180  191  0.57079  0.61174  0.67548  0.73243
180  207  0.33710  0.35625  0.42134  0.50354
181  190  0.65928  0.70635  0.75896  0.79900
191  207  0.17415  0.19712  0.23329  0.31121
208  213  0.05555  0.07311  0.10880  0.17741
208  214  0.06239  0.07947  0.11678  0.20631
209  214  0.05810  0.07882  0.11665  0.19966
213  226  0.56532  0.63237  0.71269  0.76556
214  226  0.63946  0.69513  0.78721  0.84894
215  226  0.67096  0.73925  0.83112  0.88516
215  227  0.65087  0.71863  0.83635  0.90175
227  234  0.06642  0.09366  0.14882  0.25731
227  256  0.37706  0.44829  0.54946  0.64654
228  256  0.40329  0.46746  0.58096  0.67614
257  267  0.15171  0.18031  0.22073  0.26952
259  264  0.14326  0.17519  0.19764  0.23226
260  267  0.19075  0.22716  0.28054  0.33940
265  274  0.60207  0.66680  0.76500  0.82159
265  289  0.65736  0.68468  0.74407  0.77286
265  290  0.65476  0.67981  0.74003  0.76626
265  291  0.68021  0.70454  0.76030  0.78985
268  289  0.71768  0.73138  0.76440  0.78033
268  290  0.71495  0.72492  0.75932  0.77279
268  291  0.73777  0.74819  0.77972  0.79532
290  303  0.41236  0.43715  0.49148  0.55009
291  303  0.35444  0.38350  0.44116  0.50148
304  316  0.46626  0.51596  0.60092  0.68512
310  316  0.54593  0.58696  0.67585  0.76405
311  316  0.48607  0.53191  0.63511  0.72997
317  327  0.17405  0.20892  0.28934  0.40297
317  330  0.17417  0.22536  0.30760  0.40392
317  332  0.16106  0.20413  0.27836  0.36623
318  330  0.18734  0.23505  0.30903  0.40142
328  333  0.01983  0.01561  0.01226  0.01069
332  338  0.01339  0.01396  0.02058  0.01852
333  338  0.02634  0.02622  0.02513  0.02712
339  345  0.21224  0.22795  0.26632  0.32397
339  352  0.26468  0.28396  0.30882  0.34264
339  358  0.18836  0.20365  0.22325  0.25726
339  362  0.34157  0.36618  0.39252  0.42144
339  370  0.31114  0.31600  0.34850  0.37993
340  352  0.31092  0.33169  0.35832  0.40123
340  358  0.20295  0.21804  0.23850  0.27646
342  352  0.35028  0.37686  0.40256  0.42994
346  352  0.09765  0.09898  0.09114  0.10761
346  358  0.06500  0.06641  0.07706  0.10304
353  358  0.04762  0.05805  0.07992  0.13024
353  370  0.35562  0.36301  0.38762  0.42414
359  365  0.48832  0.50457  0.54823  0.60612
359  367  0.39926  0.41221  0.43746  0.48297
359  370  0.26362  0.27350  0.29167  0.32317
368  376  0.07981  0.08336  0.08178  0.07985
371  376  0.10962  0.11207  0.10447  0.12646
377  390  0.47680  0.54645  0.64518  0.73986
377  392  0.40166  0.46122  0.53493  0.61412
378  385  0.64312  0.70632  0.81071  0.90925
386  392  0.21158  0.24273  0.25801  0.28005
393  410  0.15521  0.16461  0.17322  0.18513
394  410  0.16788  0.18277  0.19323  0.20342
394  414  0.12653  0.14132  0.16086  0.18780
395  410  0.16183  0.17661  0.19077  0.20406
395  414  0.12023  0.13525  0.15499  0.18262
395  424  0.18450  0.20892  0.23882  0.28347
398  410  0.14864  0.16114  0.17184  0.18122
398  414  0.09436  0.10386  0.12306  0.14680
400  410  0.14801  0.16510  0.16595  0.18637
411  416  0.09557  0.13673  0.23480  0.35546
411  424  0.28702  0.33187  0.38719  0.45098
415  420  0.57055  0.62542  0.67361  0.69909
415  424  0.36760  0.40632  0.44471  0.47459
419  424  0.03579  0.04659  0.05822  0.09262
420  426  0.05112  0.05520  0.06523  0.07957
427  442  0.40346  0.42177  0.45451  0.49387
428  435  0.50176  0.50936  0.52923  0.54556
428  436  0.59141  0.59900  0.62789  0.64068
428  442  0.43863  0.45277  0.49761  0.54451
428  445  0.34010  0.35745  0.38305  0.42659
436  442  0.07361  0.10722  0.15892  0.23876
436  444  0.04368  0.06245  0.09779  0.15046
437  444  0.04070  0.06048  0.09222  0.13825
444  478  0.39641  0.42431  0.50229  0.57920
445  459  0.63604  0.65575  0.70446  0.74533
445  460  0.66480  0.67975  0.73395  0.77234
445  464  0.59477  0.65169  0.74255  0.82204
445  466  0.50715  0.56098  0.65068  0.73670
445  478  0.39750  0.43959  0.51467  0.58536
445  481  0.35390  0.39002  0.45823  0.52697
446  459  0.67865  0.69695  0.75133  0.79695
446  460  0.72660  0.74643  0.80310  0.84388
446  464  0.62140  0.67611  0.77548  0.85992
446  478  0.39363  0.43903  0.51667  0.59196
446  481  0.35577  0.39671  0.46864  0.53726
460  466  0.27079  0.37017  0.51005  0.64472
465  478  0.21759  0.23602  0.26150  0.29775
466  478  0.25247  0.27184  0.30297  0.34333
467  477  0.34828  0.35799  0.38596  0.41079
467  478  0.26559  0.28011  0.30528  0.33566
469  478  0.32348  0.34113  0.36849  0.40040
482  497  0.19661  0.21153  0.24084  0.27419
482  498  0.17377  0.18653  0.21491  0.24361
499  521  0.09675  0.11489  0.13691  0.16848
499  533  0.22878  0.28006  0.33921  0.39652
503  512  0.21706  0.25612  0.32334  0.40339
503  519  0.13310  0.15647  0.19024  0.23102
503  520  0.12220  0.14271  0.17271  0.21600
503  521  0.10818  0.12937  0.14911  0.19611
503  533  0.25453  0.31358  0.38005  0.44378
507  521  0.11265  0.13707  0.16489  0.20575
513  521  0.03711  0.03916  0.03820  0.04391
513  533  0.25503  0.32084  0.40897  0.42221
521  533  0.47159  0.56379  0.68308  0.76697
522  533  0.47196  0.55983  0.66050  0.72701
534  539  0.02010  0.03037  0.03130  0.04250
538  546  0.32311  0.34562  0.38491  0.44956
540  546  0.36561  0.38795  0.43498  0.49857
541  546  0.38412  0.40862  0.45909  0.52873
547  553  0.05956  0.05841  0.06440  0.11188
547  555  0.04565  0.05508  0.06709  0.10136
547  567  0.22902  0.25301  0.28954  0.33548
554  561  0.33916  0.37773  0.43144  0.48855
556  561  0.46878  0.52214  0.59568  0.65487
556  564  0.54686  0.58522  0.63261  0.68008
556  567  0.35040  0.37795  0.42476  0.46696
562  567  0.04361  0.05777  0.08483  0.14160
568  574  0.05127  0.07872  0.13232  0.20764
568  581  0.42150  0.48190  0.54984  0.61757
575  581  0.58217  0.64538  0.72435  0.76808
585  608  0.50871  0.57652  0.68376  0.79488
589  608  0.59470  0.66753  0.78269  0.88146
590  608  0.57664  0.64322  0.73984  0.81708
597  608  0.82769  0.87357  0.93808  0.95815
