1894 3735 0.8484358781524607 1.0 5 4
801 3839 0.7544333146567362 0.6183264867346725 1 1
1088 3735 0.8551006614056131 0.5754231564139894 1 4
801 818 0.9891047926757804 0.5079303526042048 1 1
3562 3579 0.9567368657699808 0.4907040487584539 4 4
3294 3562 0.7868874192007755 0.4583254064718815 4 4
1870 1894 0.9643915204561511 0.40772704493990647 5 5
3277 3294 0.9904886106430172 0.4015926684525894 4 4
3807 3839 0.9162988888517977 0.35460451502310786 1 1
3021 3277 0.8970611060829276 0.33188819942958164 0 4
3579 3852 0.7563245852039069 0.3131132513638985 4 1
1870 2107 0.8587670228270708 0.2958720508853766 5 3
686 818 0.9372480595928064 0.29186886543575835 7 1
366 389 0.9995124784013698 0.2732936133863898 2 2
1079 1117 0.985113761836673 0.27309621872096906 1 1
656 818 0.9594690477060632 0.27106088623755775 7 1
1858 1894 0.9612115100536724 0.2708315174773401 5 5
389 675 0.9345835382965422 0.27020658613313325 2 7
3579 3618 0.8717180454101614 0.26234113189431074 4 4
1056 1088 0.9647593387526128 0.25239025615165284 1 1
3618 3961 0.8871958949899466 0.25069024095755194 4 1
1894 1906 0.9823083117279221 0.23409442768578043 5 3
1117 1138 0.9650272275109804 0.21397622660713067 1 1
1138 1886 0.9381554457617909 0.2086358449396945 1 5
1047 1079 0.9707725224428533 0.20690763036814552 1 1
