801 3839 0.7785319940413032 0.5781972505161859 1 1
2183 3759 0.7747016344623758 0.5714085801091514 3 1
801 818 0.9899032663723346 0.48312662665008416 1 1
3618 3872 0.8513126162469875 0.33270731805513615 4 1
656 818 0.963255671142098 0.332025458831865 7 1
2157 2183 0.9970813710050157 0.3257334245930528 3 3
3807 3839 0.9265471522015475 0.32019603551986375 1 1
1088 1894 0.9043286596523296 0.3102361576367003 1 5
3759 3784 0.9120984010051572 0.3092346061172449 1 1
3579 3618 0.8401077884376953 0.301928879057778 4 4
833 3872 0.7978913925081575 0.2985203375213305 1 1
1079 1117 0.9805064434954155 0.28086624602332366 1 1
1117 1886 0.9026177591606261 0.274672338460268 1 5
3562 3579 0.9611031418122329 0.26633761332602607 4 4
3294 3562 0.7868164092163751 0.2585316097881115 4 4
1056 1088 0.9546155265820608 0.2543878877117674 1 1
2157 2406 0.8921067840229467 0.2514496447751857 3 6
3527 3799 0.9145065173035994 0.24739470541769076 4 1
422 675 0.9483150480435569 0.24692548768591693 2 7
992 3819 0.7624913173314333 0.24039019381787674 1 1
686 818 0.9385216687332655 0.23126400572183925 7 1
366 389 0.9997737163896805 0.22459688094729466 2 2
3021 3277 0.904669563123441 0.22391211827763863 0 4
1847 1886 0.9498743493708504 0.21604073716032623 5 5
3277 3294 0.9905785646415394 0.20960716622086467 4 4
1047 3839 0.7894885414603322 0.20552905222644907 1 1
675 697 0.9819645834910499 0.20330862181670273 7 7


