801 3839 0.7562162124970591 0.614736515604596 1 1
801 818 0.9891137850804478 0.5014601597400689 1 1
1088 1894 0.9044218651614114 0.4009661225002347 1 5
3618 3872 0.8658884442236742 0.3628297624474199 4 1
2183 3759 0.7936577530216317 0.34677646898603876 3 1
3807 3839 0.9077558541973705 0.3460985442635602 1 1
3759 3784 0.9236496918975615 0.34278739635333666 1 1
656 818 0.9545336251320017 0.3198605739603681 7 1
2174 3759 0.7658041379424647 0.311141267408157 3 1
3579 3618 0.8718129759643864 0.30966182273737547 4 4
833 3872 0.8110090680938024 0.3023687664468149 1 1
1858 1894 0.9526286785105879 0.29971008760728424 5 5
2157 2406 0.88988433582064 0.2890272595095158 3 6
3562 3579 0.9692024076093126 0.27337162208569943 4 4
1056 1088 0.955860601140311 0.2682379021082774 1 1
3294 3562 0.7820355736879343 0.26477934171473744 4 4
422 675 0.9343406047911827 0.2628035275671198 2 7
686 818 0.9285647087577149 0.25842589456357534 7 1
366 389 0.9987654064881594 0.2453296340402867 2 2
1088 1906 0.8915739450283168 0.22973245240616574 1 3
675 697 0.9680500363075678 0.22368500128777194 7 7
1152 3476 0.839685693742557 0.22165751066439673 5 4
3759 3789 0.9550605725408535 0.22131961501693567 1 1
3527 3799 0.925575597768863 0.22092447335503634 4 1
3277 3294 0.992003718895103 0.21943951609281137 4 4
3021 3277 0.8955335758994966 0.21332258293684667 0 4
992 3819 0.7842718634695802 0.20488523362721392 1 1
