2183 3759 0.7745726717099163 0.6413230886674389 3 1
801 3839 0.7661047270418195 0.5529406451840921 1 1
801 818 0.9913807721786194 0.4766331586491222 1 1
1894 3735 0.8368223222888269 0.44957320820781016 5 4
768 1038 0.8959776902177086 0.37726901152689535 1 1
3807 3839 0.902688268635421 0.3610631879132494 1 1
3562 3579 0.956912357253354 0.351424908527176 4 4
1088 3735 0.8401034826736196 0.3438218234916324 1 4
3759 3784 0.910717972150412 0.3433347771796404 1 1
2157 2183 0.9961777825930284 0.32720247178932654 3 3
3579 3852 0.7417236261967947 0.32243253921713294 4 1
3294 3562 0.7890388504208988 0.31751826300552793 4 4
675 697 0.9861546916910816 0.30787792636266653 7 7
656 818 0.9667239521269673 0.3060729548413247 7 1
2157 2406 0.8780940076181599 0.2667269037344419 3 6
3277 3294 0.9910592774346559 0.2601252820039234 4 4
422 675 0.9467360897096149 0.2541601662528346 2 7
366 389 0.9993537307694932 0.24677153590030515 2 2
686 818 0.9440919471386611 0.23552837653400172 7 1
3021 3277 0.9001531917727472 0.2269785203483499 0 4
1858 1894 0.9560263886067617 0.2231398140623892 5 5
3759 3789 0.9472434333688553 0.2139222837092667 1 1
697 795 0.9345254605384805 0.21139114457579514 7 1
2174 3744 0.7747534634714678 0.2100320308856496 3 1
992 3819 0.7826423347076694 0.20665119203028656 1 1
3706 3722 0.9414079737045452 0.20485544293209812 4 4
389 675 0.9323660595988065 0.20469318748196594 2 7
